00000000000
00000000001
00000000010
00000000110
00000000111
00000001000
00000001100
00000001101
00000001110
00000000001
00000000010
00000000011
00000000111
00000001000
00000001001
00000001101
00000001110
00000001111
00000000010
00000000011
00000000100
00000001000
00000001001
00000001010
00000001110
00000001111
00000010000
00000000011
00000000100
00000000101
00000001001
00000001010
00000001011
00000001111
00000010000
00000010001
00000000110
00000000111
00000001000
00000001100
00000001101
00000001110
00000010010
00000010011
00000010100
00000000111
00000001000
00000001001
00000001101
00000001110
00000001111
00000010011
00000010100
00000010101
00000001000
00000001001
00000001010
00000001110
00000001111
00000010000
00000010100
00000010101
00000010110
00000001001
00000001010
00000001011
00000001111
00000010000
00000010001
00000010101
00000010110
00000010111
00000001100
00000001101
00000001110
00000010010
00000010011
00000010100
00000011000
00000011001
00000011010
00000001101
00000001110
00000001111
00000010011
00000010100
00000010101
00000011001
00000011010
00000011011
00000001110
00000001111
00000010000
00000010100
00000010101
00000010110
00000011010
00000011011
00000011100
00000001111
00000010000
00000010001
00000010101
00000010110
00000010111
00000011011
00000011100
00000011101
00000010010
00000010011
00000010100
00000011000
00000011001
00000011010
00000011110
00000011111
00000100000
00000010011
00000010100
00000010101
00000011001
00000011010
00000011011
00000011111
00000100000
00000100001
00000010100
00000010101
00000010110
00000011010
00000011011
00000011100
00000100000
00000100001
00000100010
00000010101
00000010110
00000010111
00000011011
00000011100
00000011101
00000100001
00000100010
00000100011
00000011000
00000011001
00000011010
00000011110
00000011111
00000100000
00000100100
00000100101
00000100110
00000011001
00000011010
00000011011
00000011111
00000100000
00000100001
00000100101
00000100110
00000100111
00000011010
00000011011
00000011100
00000100000
00000100001
00000100010
00000100110
00000100111
00000101000
00000011011
00000011100
00000011101
00000100001
00000100010
00000100011
00000100111
00000101000
00000101001
00000011110
00000011111
00000100000
00000100100
00000100101
00000100110
00000101010
00000101011
00000101100
00000011111
00000100000
00000100001
00000100101
00000100110
00000100111
00000101011
00000101100
00000101101
00000100000
00000100001
00000100010
00000100110
00000100111
00000101000
00000101100
00000101101
00000101110
00000100001
00000100010
00000100011
00000100111
00000101000
00000101001
00000101101
00000101110
00000101111
00000100100
00000100101
00000100110
00000101010
00000101011
00000101100
00000110000
00000110001
00000110010
00000100101
00000100110
00000100111
00000101011
00000101100
00000101101
00000110001
00000110010
00000110011
00000100110
00000100111
00000101000
00000101100
00000101101
00000101110
00000110010
00000110011
00000110100
00000100111
00000101000
00000101001
00000101101
00000101110
00000101111
00000110011
00000110100
00000110101
00000101010
00000101011
00000101100
00000110000
00000110001
00000110010
00000110110
00000110111
00000111000
00000101011
00000101100
00000101101
00000110001
00000110010
00000110011
00000110111
00000111000
00000111001
00000101100
00000101101
00000101110
00000110010
00000110011
00000110100
00000111000
00000111001
00000111010
00000101101
00000101110
00000101111
00000110011
00000110100
00000110101
00000111001
00000111010
00000111011
