#time0:r7[t1_t0]...r0[t1_t0]#
#time1:r7[t1_t0]...r0[t1_t0]#
#................#
00000000000000000000000000000000
00000000000000000000000000000000
00000000000000000000000000000000
00000000000000000000000000000000
00000000000000000000000000000000
00000000000000000000000000000000
00000000000000000000000000000000
00000000110000010000000000010100
00010100110000010000000001011100
00101000110000000010000000001100
00101000010000010001000000001100
00000000000000000000000000000000
00000000000000000000000000000000
00000101100000010000000001011001
00011111010000000000000001001100
00011110000000000000000000001100
00101101000000000000000000001101
00000000000000000000000000000000
00000000000000000000000000000000
00000110000000010000000001000000
00000110000000000000000001000000
00000111000000000000000000010000
00000101000000000000000001100000
00000000000000000000000000000000
00000000000000000000000000000000
00000100010000010000000000000000
00000000000000010000000000000000
00000000000000000000000001010000
00010000000000000000000000010000
00000000000000000000000000000000
00000000000000000000000000000000
00000000000000000000000000000000
00000000000000000000000000000000
00000000000000000000000000000000
00000000000000000000000000000000
00000000000000000000000000000000
