# Golden outputs for tiles
# Each line: 8 outputs × 16 bits (MSB..LSB)
# ---------------
00000000001011110000000001100100000000000001110100000000000001110000000000000000000000000001111100000000000101000000000000010101
00000000101000100000000000010100000000000001101000000000000110100000000000000000000000000100011000000000000000000000000000101100
00000000011000110000000010001000000000000000000000000000000000000000000000000000000000000110100100000000000000000000000000000000
00000000101101110000000000101100000000000100011000000000000000000000000000000000000000001000010100000000000000000000000001010100
00000000010100100000000001011001000000000000000000000000000000000000000000000000000000000111010000000000000000000000000000000000
00000000101010110000000001010100000000000111100100000000000011010000000000000000000000000110100000000000000000000000000000110001
00000000000000000000000000000000000000000000000000000000000000000000000000000000000000000011111000000000000000000000000000000000
00000000010001000000000000011011000000000011011000000000010001110000000000000000000000000100011000000000000011110000000000011001
00000000011110010000000010110110000000000100000100000000001111110000000000000000000000000111100000000000000000000000000000000000
00000000100001010000000000000110000000000000000000000000000000010000000000000000000000000000000000000000000000000000000010001010
00000000111011100000000010000000000000000100100000000000000000000000000000000000000000001100111000000000000000000000000000000000
00000000010101100000000000010111000000000011001000000000000000000000000000000000000000000001011100000000000000000000000010110000
00000000111001100000000000110111000000001010101100000000000000000000000000000000000000001110111100000000000000000000000000000000
00000000011001010000000000000000000000000101010100000000000000000000000000000000000000000000000000000000000000000000000010001111
00000000011100110000000000000000000000000101101000000000000000000000000000000001000000000101111000000000000000000000000000000000
00000000010110000000000000000000000000000100110000000000000000000000000000000000000000000000000000000000000000000000000000011110
00000000010101100000000001001001000000000100010000000000001000100000000000001000000000000000000000000000000000000000000000001000
00000000011010100000000000100010000000000000000000000000000011000000000000000000000000000000000000000000000000000000000001110110
00000000101011110000000000000101000000000010110100000000000000000000000000000000000000000000000000000000000000000000000000100110
00000000010001000000000000101101000000000000000000000000001001100000000000000000000000000000000000000000000000000000000001111001
00000000101111100000000000000000000000000100100100000000000000000000000000000111000000000000000000000000000000000000000000110000
00000000010010010000000000111000000000000010000000000000011100110000000000000000000000000000000000000000000000000000000001001010
00000000011110010000000000000000000000000001000100000000000000000000000001101100000000000000000000000000000000000000000000100011
00000000001001010000000000000000000000000010000000000000010110100000000000000000000000000000000000000000000000000000000000101100
00000000000110100000000000011100000000000000111000000000000000000000000000000000000000000000000000000000000000000000000000101100
00000000001111110000000000011011000000000001110000000000000011000000000000000000000000000000110100000000000000000000000000001101
00000000001110000000000000000000000000000000010000000000000000000000000000001111000000000000000000000000000000000000000000111000
00000000000111000000000000101001000000000000000000000000000011100000000000000000000000000000110100000000000000000000000000000000
00000000001111000000000000000011000000000000010100000000000000000000000000010100000000000000000000000000000000000000000000111110
00000000000110010000000000110000000000000000010100000000001111100000000000000000000000000000000000000000000000000000000000000000
00000000001011100000000000001000000000000000000000000000000000000000000000100000000000000000000000000000000000000000000000110111
00000000000010100000000000001101000000000000000000000000001100000000000000000000000000000001101100000000000000000000000000000000
