#Tile1_Line, Tile0_Line, Tile1_Line, Tile0_Line...#
#................#
#................#
01110111111010010111100110011001
10010111100110011001100101110111
10011001011110010111100110011101
01111001011110011001100111011101
01111001011101110111000001110111
10011001100101111001011101111001
01111001011110010111100110011001
10011001100110011001011101110111
11100111011110011001100101110111
01111001010001111001011101111001
00010111110101110111011100101001
01111001100101110111011110010111
10011100011101111001100101110111
01111001100101111001100101111110
11001001011101111001100110011001
11100010011101111001011101111001
