#Tile0, Tile1#
#................#
#................#
10010111101101111001100101111001
10011001100100110001011101111001
01111001011110011001011110011001
10011001011110010111100110010111
10010001011101111001011101111001
01110111100110011110011101110111
01110011100110010111011101110111
10010111110010010111000100100111
10011001100110010111111110010111
10010111100110011001011100000111
01110010100110010111011110010111
10011001011110010111011110010111
01111001011101111001100110011001
10010111100110011001011110011001
01110000100100101001100101110111
00000111011110011001100110011001
