#Tile0, Tile1#
#................#
#................#
01111111100101111001000101110011
10010111011110011001100101111101
10010111010101111001100110011001
10011001011100000001011101110111
01110111100100001001100110011001
10010001011110011001011101111001
01111001011100000111011101110111
10011001000110010111011110010111
01110111011101110111011101110111
10010111011101111001100101111001
01110111100101111010011110011110
01111001011111110111011101110111
01110111011100000011100110010011
01111001100110011001100101110111
10011001011101111001111001111001
01110111001001110010101101111111
