#Tile0Line#
#Tile1Line#
#................#
01110111100110011001011101111001
10010111011110011001011101111001
10010111011110011001011110011001
10011001100101111001011101110111
01111001001101110111100110011001
01111001111010011110011110010111
01110000011100011100001111100111
10011001011110010111011110011111
10011001100101110111110010010111
10010111100101111001011101111111
01110111100101110111011110010111
01110111011101110111011101111001
01110111011101110111100101111110
01110111100110011011100110011001
01110100100111011001000101110111
10010100010101111001011110010111
