#Tile1_Line, Tile0_Line, Tile1_Line, Tile0_Line...#
10011001011101110111011101110111
01111001100110010111100110011001
01110111100101111001011110010111
10011001011101110111011101111001
01111001100110011001011110011001
01110111011110011001100101110111
01110111011110011001011110011001
01110111100101111001100110010111
01110111100101111001100110011001
10010111011110011001100101111001
10011001100110010111011101111001
10011001011101110111011110011001
10010111011101111001011110010111
01110111100110011001011110010111
01111001011101110111100110011001
10010111100110010111100101110111
