#Tile1_Line, Tile0_Line, Tile1_Line, Tile0_Line...#
#................#
#................#
11000111011110011001011101111010
10011100011101111111011101111001
01111001100101100111111101110111
10010001011110011111100110010111
10010111011101111001100110011001
01110111100111100001100110111001
10011001011101110111011111000111
01111001100100111001111001111111
00111111100110011001111101110111
01111001011101110111011110010101
01110111100111111001011101110001
10011001100101111001011101110111
10010000100101111001100110010001
01110001100110011001101110011001
10010101100101110111100101111100
11110001100111111001110101110111
