#Tile1_Line, Tile0_Line, Tile1_Line, Tile0_Line...#
01111001011101110111011110010111
10011001011101110111011101111001
01110111011110011001011110010111
10011001100110010111100101111001
01110111100110011001011110010111
01110111011110011001100101110111
01110111011110010111011101110111
01110111100110010111011101110111
01110111100110010111100101110111
10010111011101110111100110011001
01111001011101110111011101110111
01111001011101110111100101111001
01111001011110010111011110010111
01111001011110011001100101110111
01111001011110010111100101110111
10010111100101110111100110011001
