#Tile1_Line, Tile0_Line, Tile1_Line, Tile0_Line...#
#................#
#................#
10010111011110010111011110011001
10010111010011011001011101111001
10011001011101110111011101111001
10011001010001110111011010010111
01110111011110010111011110010111
01111001101001111001100110011001
10011001001010010111100110010111
01110111011101111001100101111001
10011001100111001101011101111001
10011001100101111001011110010111
01111110011100000100100100001001
01111001100110010111100110010111
10010111011110011001100101110111
10011001011101110100100111000111
10010111011101111001100110010001
01111001100110011110100101111001
