#Tile0Line#
#Tile1Line#
#................#
01110111100101111001011101110111
01111001011110011001100110011001
10011001011110011001100110011001
10011001100110010010011101110111
01110111100110011001100101111001
00110001011101111001100110010111
00101001100110011001011101111001
10011001011110011001100101110101
01111001100101110111011100010000
01111001100111000100100101110111
10011001100101111001000010010111
10010111100110011001011110011001
10011011011110011001100101110111
10010111011101110111100110010111
10011001100100101001011101111001
10010111011101111001100110011001
