00000000000000000000000101011011000000000000000000000000100010100000000001110111000000000000000000000000001011010000000000000000
00000000000000000000000101001111000000000000000000000000110001110000000011100010000000000000000000000000000000000000000010011111
00000000000000000000000010111110000000000001111100000000100010000000000010111000000000000000000000000000000000000000000010101100
00000000000000000000000000101101000000010100011100000000000000000000000001001010000000000000000000000000000000000000000001110101
00000000000000000000000001011101000000000000000000000000010111000000000011011110000000000000000000000000010001000000000001111000
00000000000000000000000001001001000000000000000000000000000000000000000001001110000000000000000000000000000000000000000101001101
00000000000000000000000010011011000000000000000000000000000000000000000000011011000000000000000000000000000000000000000011101010
00000000000000000000000011000110000000001101110100000000000000000000000000000000000000000000000000000000000000000000000001100001
00000000000000000000000000000000000000000000000000000000000001100000000000101100000000000010100000000000000000000000000000011000
00000000000000000000000000010101000000000000000000000000000000000000000000000111000000000000000000000000000000000000000001100110
00000000000000000000000010110100000000000000000000000000000000000000000000001110000000000000000000000000000000000000000000000100
00000000000000000000000011001000000000000000101100000000000000000000000000000000000000000000000000000000000000000000000000000000
00000000000000000000000000011011000000000000000000000000000000000000000001010111000000000101011000000000000010010000000000000000
00000000000000000000000001010011000000000000000000000000000000000000000000110010000000000101110000000000000000000000000000000000
00000000000000000000000001111100000000000000000000000000000000000000000001000011000000000111000000000000000000000000000000000000
00000000000000000000000001110100000000000000000000000000000000000000000000101001000000000100010000000000000000000000000000000000