11111111110101110000000101011011111111111101000100000000100010100000000001110111111111111101010100000000001011011111111111110000
11111111110001110000000101001111111111111100010100000000110001110000000011100010111111111001011111111111110011110000000010011111
11111111101110110000000010111110000000000001111100000000100010000000000010111000111111110111111111111111101101010000000010101100
11111111111001000000000000101101000000010100011111111111111000000000000001001010111111111001101111111111110010100000000001110101
11111111101001100000000001011101111111111101110100000000010111000000000011011110111111111110101100000000010001000000000001111000
11111111111010000000000001001001111111111110011111111111111110110000000001001110111111111011001111111111101111000000000101001101
11111111111101010000000010011011111111111110101111111111110111100000000000011011111111111011100111111111101010110000000011101010
11111111111010110000000011000110000000001101110111111111101010001111111111110010111111111100111111111111110100100000000001100001
11111111101100101111111111011010111111111111011100000000000001100000000000101100000000000010100011111111111110010000000000011000
11111111110011110000000000010101111111111100101111111111110010010000000000000111111111111110111011111111101000000000000001100110
11111111110110000000000010110100111111111010101111111111110000110000000000001110111111111110100011111111011111010000000000000100
11111111101110010000000011001000000000000000101111111111110000011111111111110110111111111110110111111111101010011111111111110001
11111111111010000000000000011011111111111110110111111111111000110000000001010111000000000101011000000000000010011111111111110010
11111111111101010000000001010011111111111101101011111111110000100000000000110010000000000101110011111111111001011111111111101111
11111111111100000000000001111100111111111101110011111111110000010000000001000011000000000111000011111111111011001111111111100000
11111111111001110000000001110100111111111111010111111111110000110000000000101001000000000100010011111111111100101111111111101011
