11111111111010110000000101011011111111111110100000000000100010100000000001110111111111111110101000000000001011011111111111111000
11111111111000110000000101001111111111111110001000000000110001110000000011100010111111111100101111111111111001110000000010011111
11111111110111010000000010111110000000000001111100000000100010000000000010111000111111111011111111111111110110100000000010101100
11111111111100100000000000101101000000010100011111111111111100000000000001001010111111111100110111111111111001010000000001110101
11111111110100110000000001011101111111111110111000000000010111000000000011011110111111111111010100000000010001000000000001111000
11111111111101000000000001001001111111111111001111111111111111010000000001001110111111111101100111111111110111100000000101001101
11111111111110100000000010011011111111111111010111111111111011110000000000011011111111111101110011111111110101010000000011101010
11111111111101010000000011000110000000001101110111111111110101001111111111111001111111111110011111111111111010010000000001100001
11111111110110011111111111101101111111111111101100000000000001100000000000101100000000000010100011111111111111000000000000011000
11111111111001110000000000010101111111111110010111111111111001000000000000000111111111111111011111111111110100000000000001100110
11111111111011000000000010110100111111111101010111111111111000010000000000001110111111111111010011111111101111100000000000000100
11111111110111000000000011001000000000000000101111111111111000001111111111111011111111111111011011111111110101001111111111111000
11111111111101000000000000011011111111111111011011111111111100010000000001010111000000000101011000000000000010011111111111111001
11111111111110100000000001010011111111111110110111111111111000010000000000110010000000000101110011111111111100101111111111110111
11111111111110000000000001111100111111111110111011111111111000000000000001000011000000000111000011111111111101101111111111110000
11111111111100110000000001110100111111111111101011111111111000010000000000101001000000000100010011111111111110011111111111110101
