11111111111111110000000101011011111111111111111100000000100010100000000001110111111111111111111100000000001011011111111111111111
11111111111111110000000101001111111111111111111100000000110001110000000011100010111111111111111011111111111111110000000010011111
11111111111111100000000010111110000000000001111100000000100010000000000010111000111111111111110111111111111111100000000010101100
11111111111111110000000000101101000000010100011111111111111111110000000001001010111111111111111011111111111111110000000001110101
11111111111111100000000001011101111111111111111100000000010111000000000011011110111111111111111100000000010001000000000001111000
11111111111111110000000001001001111111111111111111111111111111110000000001001110111111111111111011111111111111100000000101001101
11111111111111110000000010011011111111111111111111111111111111110000000000011011111111111111111011111111111111100000000011101010
11111111111111110000000011000110000000001101110111111111111111101111111111111111111111111111111111111111111111110000000001100001
11111111111111101111111111111111111111111111111100000000000001100000000000101100000000000010100011111111111111110000000000011000
11111111111111110000000000010101111111111111111111111111111111110000000000000111111111111111111111111111111111100000000001100110
11111111111111110000000010110100111111111111111011111111111111110000000000001110111111111111111111111111111111010000000000000100
11111111111111100000000011001000000000000000101111111111111111111111111111111111111111111111111111111111111111101111111111111111
11111111111111110000000000011011111111111111111111111111111111110000000001010111000000000101011000000000000010011111111111111111
11111111111111110000000001010011111111111111111111111111111111110000000000110010000000000101110011111111111111111111111111111111
11111111111111110000000001111100111111111111111111111111111111110000000001000011000000000111000011111111111111111111111111111111
11111111111111110000000001110100111111111111111111111111111111110000000000101001000000000100010011111111111111111111111111111111
