00000000000
00000100101
00001001010
00010001110
00010110011
00011011000
00100011100
00101000001
00101100110
00000000001
00000100110
00001001011
00010001111
00010110100
00011011001
00100011101
00101000010
00101100111
00000000010
00000100111
00001001100
00010010000
00010110101
00011011010
00100011110
00101000011
00101101000
00000000011
00000101000
00001001101
00010010001
00010110110
00011011011
00100011111
00101000100
00101101001
00000000100
00000101001
00001001110
00010010010
00010110111
00011011100
00100100000
00101000101
00101101010
00000000101
00000101010
00001001111
00010010011
00010111000
00011011101
00100100001
00101000110
00101101011
00000000110
00000101011
00001010000
00010010100
00010111001
00011011110
00100100010
00101000111
00101101100
00000000111
00000101100
00001010001
00010010101
00010111010
00011011111
00100100011
00101001000
00101101101
